-0.494103 0.603531
-0.262988 0.757470
-0.284844 0.530035
-0.492374 0.580252
-0.407672 0.750600
-0.358411 0.496861
-0.339030 0.796706
-0.409384 0.606569
-0.311131 0.741976
-0.452538 0.844986
-0.397332 0.994217
-0.522682 0.761401
-0.423370 0.662220
-0.310716 0.732700
-0.420412 0.868333
-0.304941 0.828669
-0.267822 0.790748
-0.338902 0.858978
-0.319677 0.919548
-0.610541 0.713627
-0.308577 0.742894
-0.474773 1.008429
-0.351250 0.742161
-0.592796 0.958644
-0.462386 0.840892
-0.397377 0.743681
-0.268582 0.872962
-0.430396 0.867764
-0.552943 0.802861
-0.499600 0.848513
-0.337347 0.172298
-0.320938 -0.070818
-0.337372 -0.050017
-0.528373 0.025941
-0.378645 -0.312323
-0.128628 0.086959
-0.387620 0.058991
-0.159042 -0.197421
-0.341886 0.096661
-0.384335 0.043174
-0.263318 0.003089
-0.350994 0.017621
-0.327693 -0.007779
-0.271603 0.091575
-0.405395 0.083603
-0.422726 -0.091743
-0.212993 -0.019874
-0.344349 -0.031408
-0.272892 0.034403
-0.302947 0.113856
-0.362457 0.142442
-0.385752 0.013573
-0.216240 0.112103
-0.286445 -0.146030
-0.278917 0.026540
-0.203553 0.149183
-0.303771 -0.147595
-0.221560 -0.141147
-0.161354 -0.131724
-0.434514 -0.066092
0.267056 0.337347
-0.078508 0.450651
0.262758 0.669608
0.026138 0.282699
0.235033 0.579498
0.266710 0.365654
0.263958 0.556081
0.181258 0.276921
0.249181 0.257696
0.124383 0.332175
0.225200 0.408175
0.059501 0.385068
0.141122 0.364164
0.141302 0.444777
0.122099 0.436311
0.431451 0.224025
-0.075891 0.490061
0.168903 0.352144
0.222165 0.402243
0.292318 0.304568
0.329668 0.362833
0.202566 0.352928
0.170324 0.341090
0.093914 0.329645
0.162719 0.045397
0.182438 0.533286
-0.005338 0.153057
0.215029 0.377159
0.104949 0.256873
0.165929 0.312416
